1.3553	163.6596	34.0872
1.0107	74.8946	15.9896
0.8917	28.3035	6.5524
0.8595	4.9525	1.8499
0.8560	0.0266	0.8613
0.8700	0.0331	0.8766
0.8283	0.0380	0.8359
0.8755	0.0502	0.8856
0.8241	0.0529	0.8347
0.7990	0.0606	0.8111
0.7950	0.0603	0.8071
0.7969	0.0745	0.8118
0.8218	0.0844	0.8387
0.8039	0.0798	0.8199
0.7965	0.0788	0.8123
0.8024	0.0941	0.8212
0.8188	0.0942	0.8376
0.7811	0.1040	0.8019
0.8390	0.1075	0.8605
0.7906	0.0935	0.8093
0.8304	0.1376	0.8579
0.7569	0.1182	0.7805
0.7721	0.1460	0.8013
0.7647	0.1641	0.7975
0.7868	0.1769	0.8221
0.7558	0.1375	0.7834
0.7947	0.1513	0.8249
0.7416	0.1643	0.7744
0.7723	0.1844	0.8092
0.7679	0.2026	0.8084
0.7361	0.1636	0.7688
0.7473	0.2041	0.7881
0.7383	0.2335	0.7850
0.7395	0.1905	0.7776
0.7834	0.1817	0.8198
0.7462	0.1930	0.7848
0.7006	0.1905	0.7388
0.7272	0.2135	0.7699
0.6986	0.1769	0.7340
0.6902	0.1758	0.7253
0.7366	0.1789	0.7723
0.7156	0.1911	0.7538
0.7251	0.2009	0.7653
0.7414	0.1790	0.7772
0.7246	0.2229	0.7692
0.7011	0.1830	0.7377
0.7103	0.2223	0.7547
0.7120	0.2198	0.7559
0.6723	0.2312	0.7185
0.6916	0.1846	0.7285
0.7025	0.2180	0.7461
0.7162	0.2065	0.7575
0.6916	0.2061	0.7328
0.6979	0.2197	0.7418
0.6559	0.2384	0.7036
0.6787	0.1902	0.7168
0.6809	0.1947	0.7199
0.6796	0.2417	0.7280
0.6362	0.2242	0.6810
0.6337	0.2229	0.6783
0.6367	0.2422	0.6852
0.6158	0.2483	0.6655
0.6158	0.2448	0.6648
0.6134	0.2508	0.6635
0.5615	0.2681	0.6151
0.5777	0.2489	0.6275
0.5665	0.2654	0.6196
0.5221	0.2949	0.5811
0.4943	0.2830	0.5509
0.4969	0.2780	0.5525
0.4896	0.2786	0.5454
0.4642	0.2430	0.5128
0.4583	0.2042	0.4991
0.4943	0.2183	0.5380
0.4280	0.1872	0.4654
0.3866	0.1929	0.4251
0.4318	0.1628	0.4643
0.4076	0.1546	0.4386
0.4106	0.1331	0.4372
0.4037	0.1285	0.4294
0.3686	0.1154	0.3917
0.3438	0.1023	0.3643
0.3875	0.0923	0.4059
0.3797	0.0856	0.3968
0.3837	0.0733	0.3983
0.3359	0.0708	0.3501
0.3323	0.0628	0.3448
0.3321	0.0544	0.3430
0.3378	0.0484	0.3475
0.3262	0.0452	0.3353
0.3432	0.0406	0.3513
0.3159	0.0387	0.3236
0.3493	0.0337	0.3560
0.3085	0.0310	0.3147
0.3732	0.0264	0.3785
0.3273	0.0259	0.3325
0.3204	0.0241	0.3253
0.3351	0.0222	0.3395
0.3279	0.0199	0.3319
0.3344	0.0211	0.3386
0.2934	0.0191	0.2972
0.3248	0.0172	0.3282
0.3196	0.0171	0.3230
0.3023	0.0167	0.3057
0.3064	0.0174	0.3098
0.3152	0.0159	0.3184
0.2972	0.0144	0.3001
0.2902	0.0150	0.2932
0.3234	0.0151	0.3264
0.3342	0.0134	0.3369
0.3243	0.0145	0.3272
0.3412	0.0133	0.3438
0.3226	0.0133	0.3253
0.3041	0.0134	0.3068
0.3165	0.0127	0.3190
0.3094	0.0135	0.3121
0.2928	0.0117	0.2951
0.2673	0.0118	0.2696
0.3296	0.0115	0.3319
0.3402	0.0113	0.3425
0.2588	0.0120	0.2612
0.2848	0.0116	0.2872
0.2954	0.0113	0.2977
0.2984	0.0111	0.3006
0.2896	0.0105	0.2917
0.2571	0.0105	0.2592
0.2865	0.0103	0.2886
0.2930	0.0106	0.2952
0.2777	0.0104	0.2798
0.3065	0.0106	0.3086
0.2552	0.0105	0.2573
0.2836	0.0102	0.2856
0.2856	0.0101	0.2876
0.2897	0.0099	0.2917
0.2841	0.0100	0.2860
0.2947	0.0095	0.2966
0.2975	0.0096	0.2994
0.2538	0.0090	0.2556
0.2794	0.0095	0.2813
0.2682	0.0097	0.2701
0.2975	0.0092	0.2994
0.2747	0.0091	0.2765
0.2780	0.0090	0.2798
0.3037	0.0092	0.3055
0.2836	0.0094	0.2854
0.2957	0.0090	0.2975
0.2735	0.0087	0.2752
0.2896	0.0091	0.2914
0.2785	0.0088	0.2803
0.2660	0.0090	0.2678
0.2410	0.0086	0.2427
0.2505	0.0081	0.2521
0.2413	0.0085	0.2430
0.2679	0.0085	0.2696
0.2832	0.0080	0.2848
0.2579	0.0086	0.2596
0.2658	0.0087	0.2675
0.2994	0.0080	0.3010
0.2889	0.0084	0.2905
0.2505	0.0080	0.2521
0.2611	0.0082	0.2627
0.2812	0.0082	0.2828
0.2699	0.0077	0.2714
0.2734	0.0078	0.2749
0.2845	0.0080	0.2861
0.2520	0.0082	0.2537
0.2849	0.0078	0.2865
0.2415	0.0078	0.2430
0.2390	0.0084	0.2407
0.2372	0.0074	0.2387
0.2396	0.0081	0.2412
0.2523	0.0079	0.2539
0.2470	0.0075	0.2485
0.2753	0.0077	0.2768
0.2915	0.0080	0.2931
0.2845	0.0073	0.2859
0.2567	0.0074	0.2582
0.2325	0.0074	0.2339
0.2599	0.0077	0.2615
0.2526	0.0073	0.2541
0.2604	0.0076	0.2619
0.2760	0.0077	0.2775
0.2777	0.0076	0.2792
0.2336	0.0073	0.2350
0.2815	0.0074	0.2830
0.2742	0.0071	0.2757
0.2462	0.0070	0.2476
0.2439	0.0072	0.2453
0.2491	0.0070	0.2505
0.2346	0.0075	0.2361
0.2636	0.0076	0.2652
0.2459	0.0071	0.2474
0.2399	0.0073	0.2413
0.2240	0.0071	0.2255
0.2526	0.0068	0.2540
0.2413	0.0071	0.2428
0.2647	0.0071	0.2661
0.2258	0.0067	0.2271
0.2602	0.0073	0.2617
0.2406	0.0069	0.2419
